poziom
1
mojstatek
sss
1
1
563
415
0
0
-10
463
537
5
9
809
0
2
1
statekp1
150
60
2
2
0
-10
-13568
1
4
5
5
1
0
0
0
0
1
0
statekp1
250
60
2
2
0
-10
33554434
1
4
5
5
1
0
0
0
0
1
0
statekp1
350
60
2
2
0
-10
0
1
4
5
5
1
0
0
0
0
1
0
statekp1
450
60
2
2
24
222
450
1
4
5
2
1
0
0
0
0
1
1
statekp1
550
60
2
2
0
-10
4486099
1
4
5
5
1
0
0
0
0
1
0
statekp1
650
60
2
2
0
-10
0
1
4
5
5
1
0
0
0
0
1
0
statekp1
750
60
2
2
0
-10
2680332
1
4
5
5
1
0
0
0
0
1
0
statekp1
200
100
2
2
0
-10
0
1
3
4
4
1
0
0
0
0
1
0
statekp1
300
100
2
2
0
-10
38781516
1
3
4
4
1
0
0
0
0
1
0
statekp1
400
100
2
2
26
274
400
1
3
4
2
1
0
0
0
0
1
1
statekp1
500
100
2
2
0
-10
38717772
1
3
4
4
1
0
0
0
0
1
0
statekp1
600
100
2
2
0
-10
2681024
1
3
4
4
1
0
0
0
0
1
0
statekp1
700
100
2
2
0
-10
4529905
1
3
4
4
1
0
0
0
0
1
0
statekp1
150
140
2
2
0
-10
4954044
1
2
3
3
1
0
0
0
0
1
0
statekp1
250
140
2
2
0
-10
0
1
2
3
3
1
0
0
0
0
1
0
statekp1
350
140
2
2
0
-10
0
1
2
3
3
1
0
0
0
0
1
0
statekp1
450
140
2
2
0
-10
3998144
1
2
3
0
0
0
0
0
0
1
1
statekp1
550
140
2
2
0
-10
0
1
2
3
1
1
0
0
0
0
1
1
statekp1
650
140
2
2
0
-10
1
1
2
3
2
1
0
0
0
0
1
1
statekp1
750
140
2
2
0
-10
4952500
1
2
3
3
1
0
0
0
0
1
0
statekp1
200
180
2
2
0
-10
4486099
1
1
2
2
1
0
0
0
0
1
0
statekp1
300
180
2
2
0
-10
4954044
1
1
2
1
1
0
0
0
0
1
1
statekp1
400
180
2
2
0
-10
-3342541
1
1
2
0
0
0
0
0
0
1
1
statekp1
500
180
2
2
0
-10
4390392
1
1
2
1
1
0
0
0
0
1
1
statekp1
600
180
2
2
0
-10
1986489299
1
1
2
2
1
0
0
0
0
1
0
statekp1
700
180
2
2
0
-10
1815602871
1
1
2
2
1
0
0
0
0
1
0
statekp1
255
241
2
-2
88
-10
217
0
5
6
6
1
150
400
300
220
1
0
statekp1
605
241
2
-2
88
-10
567
0
5
6
5
1
500
750
300
220
1
1
